492    151
732    956
324    355
296    824
1000    658
124    653
914    333
986    161
734    229
765     57
 67    228
549    695
316    707
 79    716
935    986
103    133
194     54
231    346
602     88
111    324
817    103
856    348
580    528
985    675
682    801
771    245
885    672
871    354
390    544
557    163
935    126
947     78
528    208
951    237
992    347
981     54
895    809
345    548
730    898
636    895
360    133
953    517
333     23
257    877
940    618
616    663
644    724
779    996
566    885
 97    593
374     73
720    499
 11    743
616    551
534    671
952    130
855    197
 45    437
 99    969
435    555
499    537
622    739
748    810
510    565
573    194
185    474
505    963
108     33
691    610
921     88
 66    731
355    704
518    864
464    861
120    839
564    558
778    703
955    514
913    404
296    476
354    805
443     80
422    910
241    702
895    219
 96    796
806    582
207    344
953    913
903    920
141    527
548    497
495    670
726    469
645    716
168    124
479     25
 68    532
105     35
501    596
 82    965
906    783
143    257
146    910
466     60
132    429
582      6
103    102
187    129
967    231
510    815
 54    626
291      2
723    678
644    946
 21    971
500    150
707    359
517    664
620    740
578    475
179    731
406    568
800    792
889    910
472    537
876    415
639    625
342    741
562    356
118    426
 64    241
595    299
294     21
 65    153
830    690
 63    875
519    629
295    978
289    747
 29    601
734    711
154    785
 10    508
255    902
894    438
196    953
 94    425
669    168
655    470
186    752
231    556
396    213
415     97
110    472
132    818
461     78
981    588
143    270
520    389
470    113
928    321
198    546
913    935
405    424
  9    413
223    161
242    822
833    610
564     95
120    911
445    885
890    290
116    315
992    137
488    905
890    977
266    474
188    960
814    789
190    561
406    599
 94    663
946    213
130    201
436    454
998    579
956    468
329    540
776    933
961    506
771    140
654    709
868    119
957    900
568     66
234    160
208    600
636    866
463    975
710    732
461    127
880    819
278    225
200     67
 35     61
215    546
236    577
476    207
366    664
 64    160
917     34
187    818
644    187
300    444
284    782
435    417
 68    508
349    248
360    643
452    724
778    492
608    581
357    767
694    920
960    476
483    667
206    183
849    807
948    214
755    484
269    189
312     51
659    410
104     43
707    631
837    790
780    197
687    984
204    958
341    723
820    852
456    916
 28    201
845     67
279    750
523    701
576    503
 54    350
 26    215
369    813
474    588
229    704
476    745
782    231
495    681
512    545
933    105
348    497
177    324
921    987
622    672
173    708
718    899
490    160
685    383
616    550
698    483
759    769
393    915
573    835
456    519
424     75
861    320
118    541
959    216
995     49
527     89
  5    594
925    209
226    110
763    891
558    753
 41    343
531    213
524    621
951    184
451    373
800    596
208    789
798    464
759    664
621    240
  5    828
856    675
552    776
641    880
844    132
534    852
354    804
389    871
366    441
921    965
683    578
818    850
170    249
185    158
189    975
100    746
223    105
899    396
390    889
665    725
655    718
772    166
897    622
366    650
 79    962
149    595
699    734
857    971
404    253
208    263
595    638
994    278
109    399
742     19
 35      3
533    892
990    798
159    611
497    497
885    710
356    850
144    872
904    738
784    818
175    732
205    583
324    328
901    411
606    821
896    890
403    278
 85    717
294    803
570     75
 44    881
795    152
892    281
144    848
206    621
932    473
914    615
 92    965
148    819
639    227
415    788
794    976
250    336
949    449
220    637
550    938
609    449
440    794
362    443
 82    682
383    796
238    814
952    748
503    370
713      8
314    540
785    308
333    307
281    421
762    579
760    769
796    874
688    555
 93    197
853    819
812    626
249     44
479    129
484     34
565    988
630    515
142    628
961    163
 21    153
522    355
442    149
700     95
470    164
944    933
526     84
518    748
673    702
617    745
505    411
679    603
311     17
222    251
898    871
703    482
326    689
739    260
 68     64
986    123
620    745
734    989
610    332
766     97
967    688
833     78
473    648
315    949
688    518
538    701
258    898
852    242
705    277
910    694
843    789
119    320
571    439
540    360
182     78
883    361
885     87
390    270
639    395
446    276
787    103
 76    445
772    131
528    940
885    613
497    944
831    693
790    164
716    178
572    929
792     25
581    281
775    331
125    411
577     27
297    996
989    460
471    161
861    475
642    944
188    178
 31    192
910    299
676    898
488    617
912    440
511    837
355    116
957    542
200    501
585    426
727    536
985    227
955    373
694    402
698    853
915    884
743    358
815    689
745    751
178    149
832    618
240    917
 49    609
954    943
 79    102
317    927
280    188
395    448
242    337
991    186
497    420
882    569
834    180
849    759
835    846
816    726
654    572
123    406
564    384
558    752
810    722
149    938
954    340
930    723
748    910
876    180
121    812
838    767
 46     19
919    202
 27    345
 41     27
594    588
125    860
 79    417
974    873
560    556
320    698
864      9
 24     27
862    328
285    663
933    482
799    813
470     31
836    321
904    981
225     77
124    292
290    501
710    228
121    601
453    762
713    188
 24    193
763    977
610    407
583    877
709    761
657    248
703    596
252    749
580    564
912    699
524    527
477    301
307    821
840    873
616    586
830     49
 11    688
219    474
660    914
500     94
304    523
829     54
 91    861
314    468
503    517
701    131
 28    643
728    852
246    847
378    933
380    282
567    645
985    349
 38    515
 63    430
104    138
673    187
844    222
120    711
464    400
555    474
998     21
423    749
727     84
 96    550
521    981
175    536
382    585
 72    329
 89     71
581    144
945    165
661     84
 20    854
622    299
696    927
593    619
590    475
246    389
600    607
391    490
303    134
891    530
699    644
770    574
780    213
373    356
829    661
 42    355
544    899
427    339
795    563
338    898
 19    792
873    552
905    230
912    902
786    774
522    188
639    383
168     92
580    408
633    518
800    367
  7    926
759    613
798    799
675    863
 69    700
934    507
 25    805
962    390
117    877
267    276
485    637
213    881
289    984
630    487
877    154
 11    938
589     24
988    140
 78    680
338    611
470    771
 52    137
930    225
364    519
801    751
347    875
980    731
909    836
867    840
474    344
442    960
138    436
331    333
759    410
832    222
338    715
584    169
243     62
958     87
207    541
752    829
 59    267
956    872
340    242
832    250
476    705
385    640
401    443
 50    264
741    327
155    229
612    970
878    863
698    382
114    497
457    471
864    317
 39    290
773    642
493    308
706    697
293    921
  1    979
756    639
490    384
158    728
300    865
263    138
156    413
 56    780
696    642
799    416
264    105
503    272
587    943
822    470
798    361
445    484
407    742
466    595
590    964
586    976
101    215
174    755
256    355
846    315
178    316
953    525
775    271
916    380
175    792
  4    682
812    568
806    367
203    553
126    906
889    294
795    246
545    671
  7      4
997    478
901    149
456    366
679    137
474    191
269    809
825     82
528    562
254    548
833    440
815    441
849    834
657    780
221    966
974    836
130    337
724    174
103    142
757     19
720    822
634    286
966    200
484    156
903    664
480    544
719    664
 52    978
699    325
 19    587
931    290
675    277
736    219
994    366
133    657
320    340
947    581
235    530
205    847
996    859
621    548
612    706
 26    113
718    371
110    721
461    255
355    991
927    325
 67    313
846    858
311    112
125    299
527    228
299    327
957    298
490    661
 37    344
 13    674
176    565
117    796
419     98
393    747
 87    880
435     99
123    843
273    305
972    204
603    857
695    562
527    697
 35    386
269    623
985    366
469     85
362      5
851    161
237    730
706     65
813    966
138     31
733    281
470    757
 56    743
496    307
212    563
322    318
496    391
572    551
163    245
692    230
170    284
807    716
253    880
 53    854
499    421
146    646
113    574
711    863
982     68
356    849
306      3
 44     14
 22    401
410    569
267    681
474    221
259    865
135    136
101    394
497    314
112    595
312    417
 46    414
697    501
290     36
567    969
741    885
400    987
880    740
 49    775
737    896
 25    163
 71    359
590    835
708    309
870    827
 84    437
105    564
746    276
790    591
 65    290
 74    797
244     38
214    861
188    432
372    943
192     45
892    915
905    958
842    957
455    386
813    977
565    664
448    919
635    284
 81    837
 80    978
126    665
302    731
676    159
 53    346
582    827
863    829
610    779
 41    344
933    325
293    446
 87    264
269    959
993    231
895     38
924    626
311    483
985   1000
337     23
264    709
680    142
159    378
548    655
 65    981
446    689
241     54
660     99
888    955
562    344
348    813
883    283
938    217
 53    759
721    258
530    952
246    303
 18    725
594     96
502    597
222    617
919    940
927    530
841    398
 16     61
177    340
349    656
203    561
  8    214
988    645
924    628
476    855
386    487
896    685
 36    146
329    296
379    586
816    821
572    578
  4    298
200    673
647    786
667    799
937    620
326    589
495    964
646    136
327    964
743    858
525    263
421    756
714    753
 15    171
478    105
277    178
 71    220
987    777
477    912
682    955
953    746
151    467
431    104
608    575
609    284
 90     55
454    212
 49     61
983    332
355     48
315    464
744    505
637    415
894    560
439    121
157    153
391    104
 16    343
746    755
893    659
117    679
316    272
310    808
664    790
368    543
438    460
574    763
803    883
752    599
171    921
971    460
316    787
382    793
959    221
486    338
850     21
762    142
840     18
625    194
275    260
731    249
294    335
988    951
383    411
596    954
772    421
 13    724
 49    371
308    404
606    607
610    265
661    607
 45    624
179    256
675     77
525    899
678    939
999    188
442    685
656     57
212    126
876    286
851    653
479    275